mass:               0.031
gravity:            9.8066
inertia:            [0.00001395, 0.00001395, .00002173]
armLength:          0.046
beta:               45.0
torCoeff:           0.0244

# T_bm: [[1.0, 1.0, 1.0, 1.0], [0.15, -0.15, -0.15, 0.15],[-0.15, -0.15, 0.15, 0.15],[0.05, -0.05, 0.05, -0.05]]

# TOGT refinement
thrust_min: 0.0
thrust_max: 3.439   # max accel z: 24.46m/s^2
omega_max:  [6.0, 6.0, 1.5]         # [rad/s]
